0.092,0.025,0.935,0.366,2.716,-0.046,79.851,23.325,-43.565
0.09,0.025,0.936,0.404,2.831,-0.031,0,0,0
0.089,0.027,0.939,0.359,2.892,-0.122,80.744,24.215,-42.016
0.092,0.025,0.938,0.305,2.769,-0.16,81.638,24.393,-42.877
0.088,0.025,0.94,0.389,2.892,-0.099,80.387,24.927,-42.36
0.093,0.026,0.938,0.42,2.899,-0.046,81.816,23.859,-43.393
0.09,0.024,0.943,0.488,2.869,-0.114,80.566,24.037,-43.221
0.09,0.024,0.94,0.465,2.869,-0.076,81.995,25.105,-42.877
0.093,0.024,0.936,0.465,2.861,-0.099,0,0,0
0.091,0.024,0.938,0.481,2.899,-0.16,81.995,25.462,-43.565
0.091,0.024,0.938,0.397,2.8,-0.038,81.28,24.749,-42.877
0.092,0.024,0.937,0.549,2.785,-0.13,79.851,25.462,-42.188
0.093,0.025,0.939,0.328,2.884,-0.107,81.102,24.571,-42.016
0.091,0.025,0.941,0.473,2.922,-0.145,79.673,24.571,-43.393
0.093,0.027,0.936,0.427,2.869,-0.175,80.566,23.325,-43.565
0.092,0.026,0.938,0.343,2.762,-0.107,81.816,24.927,-42.36
0.092,0.024,0.938,0.42,2.876,-0.084,0,0,0
0.093,0.025,0.94,0.282,2.892,-0.145,82.531,24.571,-42.704
0.093,0.024,0.931,0.374,2.831,-0.092,82.709,24.393,-43.221
0.093,0.026,0.935,0.336,2.838,-0.061,82.352,24.037,-42.532
